  0
SECTION
  2
BLOCKS
  0
ENDSEC
  0
SECTION
  2
ENTITIES
  0
LINE
  8
0
 10
-99
 20
0
 11
-98.8046
 21
-6.21626
  0
LINE
  8
0
 10
-98.8046
 20
-6.21626
 11
-98.2194
 21
-12.408
  0
LINE
  8
0
 10
-98.2194
 20
-12.408
 11
-97.2464
 21
-18.5508
  0
LINE
  8
0
 10
-97.2464
 20
-18.5508
 11
-95.8897
 21
-24.6203
  0
LINE
  8
0
 10
-95.8897
 20
-24.6203
 11
-94.1546
 21
-30.5927
  0
LINE
  8
0
 10
-94.1546
 20
-30.5927
 11
-92.0479
 21
-36.4443
  0
LINE
  8
0
 10
-92.0479
 20
-36.4443
 11
-89.5779
 21
-42.1521
  0
LINE
  8
0
 10
-89.5779
 20
-42.1521
 11
-86.7544
 21
-47.6936
  0
LINE
  8
0
 10
-86.7544
 20
-47.6936
 11
-83.5885
 21
-53.0469
  0
LINE
  8
0
 10
-83.5885
 20
-53.0469
 11
-80.0927
 21
-58.1907
  0
LINE
  8
0
 10
-80.0927
 20
-58.1907
 11
-76.2808
 21
-63.105
  0
LINE
  8
0
 10
-76.2808
 20
-63.105
 11
-72.1679
 21
-67.7702
  0
LINE
  8
0
 10
-72.1679
 20
-67.7702
 11
-67.7702
 21
-72.1679
  0
LINE
  8
0
 10
-67.7702
 20
-72.1679
 11
-63.105
 21
-76.2808
  0
LINE
  8
0
 10
-63.105
 20
-76.2808
 11
-58.1907
 21
-80.0927
  0
LINE
  8
0
 10
-58.1907
 20
-80.0927
 11
-53.0469
 21
-83.5885
  0
LINE
  8
0
 10
-53.0469
 20
-83.5885
 11
-47.6936
 21
-86.7544
  0
LINE
  8
0
 10
-47.6936
 20
-86.7544
 11
-42.1521
 21
-89.5779
  0
LINE
  8
0
 10
-42.1521
 20
-89.5779
 11
-36.4443
 21
-92.0479
  0
LINE
  8
0
 10
-36.4443
 20
-92.0479
 11
-30.5927
 21
-94.1546
  0
LINE
  8
0
 10
-30.5927
 20
-94.1546
 11
-24.6203
 21
-95.8897
  0
LINE
  8
0
 10
-24.6203
 20
-95.8897
 11
-18.5508
 21
-97.2464
  0
LINE
  8
0
 10
-18.5508
 20
-97.2464
 11
-12.408
 21
-98.2194
  0
LINE
  8
0
 10
-12.408
 20
-98.2194
 11
-6.21626
 21
-98.8046
  0
LINE
  8
0
 10
-6.21626
 20
-98.8046
 11
0
 21
-99
  0
LINE
  8
0
 10
0
 20
-99
 11
6.21626
 21
-98.8046
  0
LINE
  8
0
 10
6.21626
 20
-98.8046
 11
12.408
 21
-98.2194
  0
LINE
  8
0
 10
12.408
 20
-98.2194
 11
18.5508
 21
-97.2464
  0
LINE
  8
0
 10
18.5508
 20
-97.2464
 11
24.6203
 21
-95.8897
  0
LINE
  8
0
 10
24.6203
 20
-95.8897
 11
30.5927
 21
-94.1546
  0
LINE
  8
0
 10
30.5927
 20
-94.1546
 11
36.4443
 21
-92.0479
  0
LINE
  8
0
 10
36.4443
 20
-92.0479
 11
42.1521
 21
-89.5779
  0
LINE
  8
0
 10
42.1521
 20
-89.5779
 11
47.6936
 21
-86.7544
  0
LINE
  8
0
 10
47.6936
 20
-86.7544
 11
53.0469
 21
-83.5885
  0
LINE
  8
0
 10
53.0469
 20
-83.5885
 11
58.1907
 21
-80.0927
  0
LINE
  8
0
 10
58.1907
 20
-80.0927
 11
63.105
 21
-76.2808
  0
LINE
  8
0
 10
63.105
 20
-76.2808
 11
67.7702
 21
-72.1679
  0
LINE
  8
0
 10
67.7702
 20
-72.1679
 11
72.1679
 21
-67.7702
  0
LINE
  8
0
 10
72.1679
 20
-67.7702
 11
76.2808
 21
-63.105
  0
LINE
  8
0
 10
76.2808
 20
-63.105
 11
80.0927
 21
-58.1907
  0
LINE
  8
0
 10
80.0927
 20
-58.1907
 11
83.5885
 21
-53.0469
  0
LINE
  8
0
 10
83.5885
 20
-53.0469
 11
86.7544
 21
-47.6936
  0
LINE
  8
0
 10
86.7544
 20
-47.6936
 11
89.5779
 21
-42.1521
  0
LINE
  8
0
 10
89.5779
 20
-42.1521
 11
92.0479
 21
-36.4443
  0
LINE
  8
0
 10
92.0479
 20
-36.4443
 11
94.1546
 21
-30.5927
  0
LINE
  8
0
 10
94.1546
 20
-30.5927
 11
95.8897
 21
-24.6203
  0
LINE
  8
0
 10
95.8897
 20
-24.6203
 11
97.2464
 21
-18.5508
  0
LINE
  8
0
 10
97.2464
 20
-18.5508
 11
98.2194
 21
-12.408
  0
LINE
  8
0
 10
98.2194
 20
-12.408
 11
98.8046
 21
-6.21626
  0
LINE
  8
0
 10
98.8046
 20
-6.21626
 11
99
 21
0
  0
LINE
  8
0
 10
99
 20
0
 11
98.8046
 21
6.21626
  0
LINE
  8
0
 10
98.8046
 20
6.21626
 11
98.2194
 21
12.408
  0
LINE
  8
0
 10
98.2194
 20
12.408
 11
97.2464
 21
18.5508
  0
LINE
  8
0
 10
97.2464
 20
18.5508
 11
95.8897
 21
24.6203
  0
LINE
  8
0
 10
95.8897
 20
24.6203
 11
94.1546
 21
30.5927
  0
LINE
  8
0
 10
94.1546
 20
30.5927
 11
92.0479
 21
36.4443
  0
LINE
  8
0
 10
92.0479
 20
36.4443
 11
89.5779
 21
42.1521
  0
LINE
  8
0
 10
89.5779
 20
42.1521
 11
86.7544
 21
47.6936
  0
LINE
  8
0
 10
86.7544
 20
47.6936
 11
83.5885
 21
53.0469
  0
LINE
  8
0
 10
83.5885
 20
53.0469
 11
80.0927
 21
58.1907
  0
LINE
  8
0
 10
80.0927
 20
58.1907
 11
76.2808
 21
63.105
  0
LINE
  8
0
 10
76.2808
 20
63.105
 11
72.1679
 21
67.7702
  0
LINE
  8
0
 10
72.1679
 20
67.7702
 11
67.7702
 21
72.1679
  0
LINE
  8
0
 10
67.7702
 20
72.1679
 11
63.105
 21
76.2808
  0
LINE
  8
0
 10
63.105
 20
76.2808
 11
58.1907
 21
80.0927
  0
LINE
  8
0
 10
58.1907
 20
80.0927
 11
53.0469
 21
83.5885
  0
LINE
  8
0
 10
53.0469
 20
83.5885
 11
47.6936
 21
86.7544
  0
LINE
  8
0
 10
47.6936
 20
86.7544
 11
42.1521
 21
89.5779
  0
LINE
  8
0
 10
42.1521
 20
89.5779
 11
36.4443
 21
92.0479
  0
LINE
  8
0
 10
36.4443
 20
92.0479
 11
30.5927
 21
94.1546
  0
LINE
  8
0
 10
30.5927
 20
94.1546
 11
24.6203
 21
95.8897
  0
LINE
  8
0
 10
24.6203
 20
95.8897
 11
18.5508
 21
97.2464
  0
LINE
  8
0
 10
18.5508
 20
97.2464
 11
12.408
 21
98.2194
  0
LINE
  8
0
 10
12.408
 20
98.2194
 11
6.21626
 21
98.8046
  0
LINE
  8
0
 10
6.21626
 20
98.8046
 11
0
 21
99
  0
LINE
  8
0
 10
0
 20
99
 11
-6.21626
 21
98.8046
  0
LINE
  8
0
 10
-6.21626
 20
98.8046
 11
-12.408
 21
98.2194
  0
LINE
  8
0
 10
-12.408
 20
98.2194
 11
-18.5508
 21
97.2464
  0
LINE
  8
0
 10
-18.5508
 20
97.2464
 11
-24.6203
 21
95.8897
  0
LINE
  8
0
 10
-24.6203
 20
95.8897
 11
-30.5927
 21
94.1546
  0
LINE
  8
0
 10
-30.5927
 20
94.1546
 11
-36.4443
 21
92.0479
  0
LINE
  8
0
 10
-36.4443
 20
92.0479
 11
-42.1521
 21
89.5779
  0
LINE
  8
0
 10
-42.1521
 20
89.5779
 11
-47.6936
 21
86.7544
  0
LINE
  8
0
 10
-47.6936
 20
86.7544
 11
-53.0469
 21
83.5885
  0
LINE
  8
0
 10
-53.0469
 20
83.5885
 11
-58.1907
 21
80.0927
  0
LINE
  8
0
 10
-58.1907
 20
80.0927
 11
-63.105
 21
76.2808
  0
LINE
  8
0
 10
-63.105
 20
76.2808
 11
-67.7702
 21
72.1679
  0
LINE
  8
0
 10
-67.7702
 20
72.1679
 11
-72.1679
 21
67.7702
  0
LINE
  8
0
 10
-72.1679
 20
67.7702
 11
-76.2808
 21
63.105
  0
LINE
  8
0
 10
-76.2808
 20
63.105
 11
-80.0927
 21
58.1907
  0
LINE
  8
0
 10
-80.0927
 20
58.1907
 11
-83.5885
 21
53.0469
  0
LINE
  8
0
 10
-83.5885
 20
53.0469
 11
-86.7544
 21
47.6936
  0
LINE
  8
0
 10
-86.7544
 20
47.6936
 11
-89.5779
 21
42.1521
  0
LINE
  8
0
 10
-89.5779
 20
42.1521
 11
-92.0479
 21
36.4443
  0
LINE
  8
0
 10
-92.0479
 20
36.4443
 11
-94.1546
 21
30.5927
  0
LINE
  8
0
 10
-94.1546
 20
30.5927
 11
-95.8897
 21
24.6203
  0
LINE
  8
0
 10
-95.8897
 20
24.6203
 11
-97.2464
 21
18.5508
  0
LINE
  8
0
 10
-97.2464
 20
18.5508
 11
-98.2194
 21
12.408
  0
LINE
  8
0
 10
-98.2194
 20
12.408
 11
-98.8046
 21
6.21626
  0
LINE
  8
0
 10
-98.8046
 20
6.21626
 11
-99
 21
0
  0
LINE
  8
0
 10
-93.175
 20
0
 11
-93.1687
 21
0.19936
  0
LINE
  8
0
 10
-93.1687
 20
0.19936
 11
-93.15
 21
0.397932
  0
LINE
  8
0
 10
-93.15
 20
0.397932
 11
-93.1188
 21
0.594934
  0
LINE
  8
0
 10
-93.1188
 20
0.594934
 11
-93.0752
 21
0.78959
  0
LINE
  8
0
 10
-93.0752
 20
0.78959
 11
-93.0196
 21
0.981129
  0
LINE
  8
0
 10
-93.0196
 20
0.981129
 11
-92.952
 21
1.16879
  0
LINE
  8
0
 10
-92.952
 20
1.16879
 11
-92.8728
 21
1.35185
  0
LINE
  8
0
 10
-92.8728
 20
1.35185
 11
-92.7823
 21
1.52957
  0
LINE
  8
0
 10
-92.7823
 20
1.52957
 11
-92.6807
 21
1.70125
  0
LINE
  8
0
 10
-92.6807
 20
1.70125
 11
-92.5686
 21
1.86622
  0
LINE
  8
0
 10
-92.5686
 20
1.86622
 11
-92.4464
 21
2.02382
  0
LINE
  8
0
 10
-92.4464
 20
2.02382
 11
-92.3145
 21
2.17344
  0
LINE
  8
0
 10
-92.3145
 20
2.17344
 11
-92.1734
 21
2.31448
  0
LINE
  8
0
 10
-92.1734
 20
2.31448
 11
-92.0238
 21
2.44638
  0
LINE
  8
0
 10
-92.0238
 20
2.44638
 11
-91.8662
 21
2.56863
  0
LINE
  8
0
 10
-91.8662
 20
2.56863
 11
-91.7012
 21
2.68074
  0
LINE
  8
0
 10
-91.7012
 20
2.68074
 11
-91.5296
 21
2.78227
  0
LINE
  8
0
 10
-91.5296
 20
2.78227
 11
-91.3519
 21
2.87283
  0
LINE
  8
0
 10
-91.3519
 20
2.87283
 11
-91.1688
 21
2.95204
  0
LINE
  8
0
 10
-91.1688
 20
2.95204
 11
-90.9811
 21
3.0196
  0
LINE
  8
0
 10
-90.9811
 20
3.0196
 11
-90.7896
 21
3.07525
  0
LINE
  8
0
 10
-90.7896
 20
3.07525
 11
-90.5949
 21
3.11876
  0
LINE
  8
0
 10
-90.5949
 20
3.11876
 11
-90.3979
 21
3.14996
  0
LINE
  8
0
 10
-90.3979
 20
3.14996
 11
-90.1994
 21
3.16873
  0
LINE
  8
0
 10
-90.1994
 20
3.16873
 11
-90
 21
3.175
  0
LINE
  8
0
 10
-90
 20
3.175
 11
-89.8006
 21
3.16873
  0
LINE
  8
0
 10
-89.8006
 20
3.16873
 11
-89.6021
 21
3.14996
  0
LINE
  8
0
 10
-89.6021
 20
3.14996
 11
-89.4051
 21
3.11876
  0
LINE
  8
0
 10
-89.4051
 20
3.11876
 11
-89.2104
 21
3.07525
  0
LINE
  8
0
 10
-89.2104
 20
3.07525
 11
-89.0189
 21
3.0196
  0
LINE
  8
0
 10
-89.0189
 20
3.0196
 11
-88.8312
 21
2.95204
  0
LINE
  8
0
 10
-88.8312
 20
2.95204
 11
-88.6481
 21
2.87283
  0
LINE
  8
0
 10
-88.6481
 20
2.87283
 11
-88.4704
 21
2.78227
  0
LINE
  8
0
 10
-88.4704
 20
2.78227
 11
-88.2988
 21
2.68074
  0
LINE
  8
0
 10
-88.2988
 20
2.68074
 11
-88.1338
 21
2.56863
  0
LINE
  8
0
 10
-88.1338
 20
2.56863
 11
-87.9762
 21
2.44638
  0
LINE
  8
0
 10
-87.9762
 20
2.44638
 11
-87.8266
 21
2.31448
  0
LINE
  8
0
 10
-87.8266
 20
2.31448
 11
-87.6855
 21
2.17344
  0
LINE
  8
0
 10
-87.6855
 20
2.17344
 11
-87.5536
 21
2.02382
  0
LINE
  8
0
 10
-87.5536
 20
2.02382
 11
-87.4314
 21
1.86622
  0
LINE
  8
0
 10
-87.4314
 20
1.86622
 11
-87.3193
 21
1.70125
  0
LINE
  8
0
 10
-87.3193
 20
1.70125
 11
-87.2177
 21
1.52957
  0
LINE
  8
0
 10
-87.2177
 20
1.52957
 11
-87.1272
 21
1.35185
  0
LINE
  8
0
 10
-87.1272
 20
1.35185
 11
-87.048
 21
1.16879
  0
LINE
  8
0
 10
-87.048
 20
1.16879
 11
-86.9804
 21
0.981129
  0
LINE
  8
0
 10
-86.9804
 20
0.981129
 11
-86.9248
 21
0.78959
  0
LINE
  8
0
 10
-86.9248
 20
0.78959
 11
-86.8812
 21
0.594934
  0
LINE
  8
0
 10
-86.8812
 20
0.594934
 11
-86.85
 21
0.397932
  0
LINE
  8
0
 10
-86.85
 20
0.397932
 11
-86.8313
 21
0.19936
  0
LINE
  8
0
 10
-86.8313
 20
0.19936
 11
-86.825
 21
0
  0
LINE
  8
0
 10
-86.825
 20
0
 11
-86.8313
 21
-0.19936
  0
LINE
  8
0
 10
-86.8313
 20
-0.19936
 11
-86.85
 21
-0.397932
  0
LINE
  8
0
 10
-86.85
 20
-0.397932
 11
-86.8812
 21
-0.594934
  0
LINE
  8
0
 10
-86.8812
 20
-0.594934
 11
-86.9248
 21
-0.78959
  0
LINE
  8
0
 10
-86.9248
 20
-0.78959
 11
-86.9804
 21
-0.981129
  0
LINE
  8
0
 10
-86.9804
 20
-0.981129
 11
-87.048
 21
-1.16879
  0
LINE
  8
0
 10
-87.048
 20
-1.16879
 11
-87.1272
 21
-1.35185
  0
LINE
  8
0
 10
-87.1272
 20
-1.35185
 11
-87.2177
 21
-1.52957
  0
LINE
  8
0
 10
-87.2177
 20
-1.52957
 11
-87.3193
 21
-1.70125
  0
LINE
  8
0
 10
-87.3193
 20
-1.70125
 11
-87.4314
 21
-1.86622
  0
LINE
  8
0
 10
-87.4314
 20
-1.86622
 11
-87.5536
 21
-2.02382
  0
LINE
  8
0
 10
-87.5536
 20
-2.02382
 11
-87.6855
 21
-2.17344
  0
LINE
  8
0
 10
-87.6855
 20
-2.17344
 11
-87.8266
 21
-2.31448
  0
LINE
  8
0
 10
-87.8266
 20
-2.31448
 11
-87.9762
 21
-2.44638
  0
LINE
  8
0
 10
-87.9762
 20
-2.44638
 11
-88.1338
 21
-2.56863
  0
LINE
  8
0
 10
-88.1338
 20
-2.56863
 11
-88.2988
 21
-2.68074
  0
LINE
  8
0
 10
-88.2988
 20
-2.68074
 11
-88.4704
 21
-2.78227
  0
LINE
  8
0
 10
-88.4704
 20
-2.78227
 11
-88.6481
 21
-2.87283
  0
LINE
  8
0
 10
-88.6481
 20
-2.87283
 11
-88.8312
 21
-2.95204
  0
LINE
  8
0
 10
-88.8312
 20
-2.95204
 11
-89.0189
 21
-3.0196
  0
LINE
  8
0
 10
-89.0189
 20
-3.0196
 11
-89.2104
 21
-3.07525
  0
LINE
  8
0
 10
-89.2104
 20
-3.07525
 11
-89.4051
 21
-3.11876
  0
LINE
  8
0
 10
-89.4051
 20
-3.11876
 11
-89.6021
 21
-3.14996
  0
LINE
  8
0
 10
-89.6021
 20
-3.14996
 11
-89.8006
 21
-3.16873
  0
LINE
  8
0
 10
-89.8006
 20
-3.16873
 11
-90
 21
-3.175
  0
LINE
  8
0
 10
-90
 20
-3.175
 11
-90.1994
 21
-3.16873
  0
LINE
  8
0
 10
-90.1994
 20
-3.16873
 11
-90.3979
 21
-3.14996
  0
LINE
  8
0
 10
-90.3979
 20
-3.14996
 11
-90.5949
 21
-3.11876
  0
LINE
  8
0
 10
-90.5949
 20
-3.11876
 11
-90.7896
 21
-3.07525
  0
LINE
  8
0
 10
-90.7896
 20
-3.07525
 11
-90.9811
 21
-3.0196
  0
LINE
  8
0
 10
-90.9811
 20
-3.0196
 11
-91.1688
 21
-2.95204
  0
LINE
  8
0
 10
-91.1688
 20
-2.95204
 11
-91.3519
 21
-2.87283
  0
LINE
  8
0
 10
-91.3519
 20
-2.87283
 11
-91.5296
 21
-2.78227
  0
LINE
  8
0
 10
-91.5296
 20
-2.78227
 11
-91.7012
 21
-2.68074
  0
LINE
  8
0
 10
-91.7012
 20
-2.68074
 11
-91.8662
 21
-2.56863
  0
LINE
  8
0
 10
-91.8662
 20
-2.56863
 11
-92.0238
 21
-2.44638
  0
LINE
  8
0
 10
-92.0238
 20
-2.44638
 11
-92.1734
 21
-2.31448
  0
LINE
  8
0
 10
-92.1734
 20
-2.31448
 11
-92.3145
 21
-2.17344
  0
LINE
  8
0
 10
-92.3145
 20
-2.17344
 11
-92.4464
 21
-2.02382
  0
LINE
  8
0
 10
-92.4464
 20
-2.02382
 11
-92.5686
 21
-1.86622
  0
LINE
  8
0
 10
-92.5686
 20
-1.86622
 11
-92.6807
 21
-1.70125
  0
LINE
  8
0
 10
-92.6807
 20
-1.70125
 11
-92.7823
 21
-1.52957
  0
LINE
  8
0
 10
-92.7823
 20
-1.52957
 11
-92.8728
 21
-1.35185
  0
LINE
  8
0
 10
-92.8728
 20
-1.35185
 11
-92.952
 21
-1.16879
  0
LINE
  8
0
 10
-92.952
 20
-1.16879
 11
-93.0196
 21
-0.981129
  0
LINE
  8
0
 10
-93.0196
 20
-0.981129
 11
-93.0752
 21
-0.78959
  0
LINE
  8
0
 10
-93.0752
 20
-0.78959
 11
-93.1188
 21
-0.594934
  0
LINE
  8
0
 10
-93.1188
 20
-0.594934
 11
-93.15
 21
-0.397932
  0
LINE
  8
0
 10
-93.15
 20
-0.397932
 11
-93.1687
 21
-0.19936
  0
LINE
  8
0
 10
-93.1687
 20
-0.19936
 11
-93.175
 21
0
  0
LINE
  8
0
 10
-73.7577
 20
-33
 11
-73.7249
 21
-31.9577
  0
LINE
  8
0
 10
-73.7249
 20
-31.9577
 11
-73.6268
 21
-30.9195
  0
LINE
  8
0
 10
-73.6268
 20
-30.9195
 11
-73.4636
 21
-29.8895
  0
LINE
  8
0
 10
-73.4636
 20
-29.8895
 11
-73.2362
 21
-28.8717
  0
LINE
  8
0
 10
-73.2362
 20
-28.8717
 11
-72.9452
 21
-27.8703
  0
LINE
  8
0
 10
-72.9452
 20
-27.8703
 11
-72.592
 21
-26.8891
  0
LINE
  8
0
 10
-72.592
 20
-26.8891
 11
-72.1778
 21
-25.9321
  0
LINE
  8
0
 10
-72.1778
 20
-25.9321
 11
-71.7044
 21
-25.0029
  0
LINE
  8
0
 10
-71.7044
 20
-25.0029
 11
-71.1735
 21
-24.1053
  0
LINE
  8
0
 10
-71.1735
 20
-24.1053
 11
-70.5874
 21
-23.2428
  0
LINE
  8
0
 10
-70.5874
 20
-23.2428
 11
-69.9482
 21
-22.4188
  0
LINE
  8
0
 10
-69.9482
 20
-22.4188
 11
-69.2586
 21
-21.6365
  0
LINE
  8
0
 10
-69.2586
 20
-21.6365
 11
-68.5212
 21
-20.8991
  0
LINE
  8
0
 10
-68.5212
 20
-20.8991
 11
-67.7389
 21
-20.2095
  0
LINE
  8
0
 10
-67.7389
 20
-20.2095
 11
-66.9149
 21
-19.5703
  0
LINE
  8
0
 10
-66.9149
 20
-19.5703
 11
-66.0524
 21
-18.9842
  0
LINE
  8
0
 10
-66.0524
 20
-18.9842
 11
-65.1548
 21
-18.4533
  0
LINE
  8
0
 10
-65.1548
 20
-18.4533
 11
-64.2256
 21
-17.9799
  0
LINE
  8
0
 10
-64.2256
 20
-17.9799
 11
-63.5557
 21
-17.69
  0
LINE
  8
0
 10
-63.5557
 20
-17.69
 11
-63.9265
 21
-16.4135
  0
LINE
  8
0
 10
-63.9265
 20
-16.4135
 11
-64.2395
 21
-15.013
  0
LINE
  8
0
 10
-64.2395
 20
-15.013
 11
-65.1548
 21
-14.5467
  0
LINE
  8
0
 10
-65.1548
 20
-14.5467
 11
-66.0524
 21
-14.0158
  0
LINE
  8
0
 10
-66.0524
 20
-14.0158
 11
-66.9149
 21
-13.4297
  0
LINE
  8
0
 10
-66.9149
 20
-13.4297
 11
-67.7389
 21
-12.7905
  0
LINE
  8
0
 10
-67.7389
 20
-12.7905
 11
-68.5211
 21
-12.1009
  0
LINE
  8
0
 10
-68.5211
 20
-12.1009
 11
-69.2585
 21
-11.3635
  0
LINE
  8
0
 10
-69.2585
 20
-11.3635
 11
-69.9482
 21
-10.5812
  0
LINE
  8
0
 10
-69.9482
 20
-10.5812
 11
-70.5873
 21
-9.75723
  0
LINE
  8
0
 10
-70.5873
 20
-9.75723
 11
-71.1735
 21
-8.89472
  0
LINE
  8
0
 10
-71.1735
 20
-8.89472
 11
-71.7043
 21
-7.99711
  0
LINE
  8
0
 10
-71.7043
 20
-7.99711
 11
-72.1778
 21
-7.06794
  0
LINE
  8
0
 10
-72.1778
 20
-7.06794
 11
-72.5919
 21
-6.11087
  0
LINE
  8
0
 10
-72.5919
 20
-6.11087
 11
-72.9452
 21
-5.12968
  0
LINE
  8
0
 10
-72.9452
 20
-5.12968
 11
-73.2361
 21
-4.12825
  0
LINE
  8
0
 10
-73.2361
 20
-4.12825
 11
-73.4636
 21
-3.11053
  0
LINE
  8
0
 10
-73.4636
 20
-3.11053
 11
-73.6268
 21
-2.08053
  0
LINE
  8
0
 10
-73.6268
 20
-2.08053
 11
-73.7249
 21
-1.04232
  0
LINE
  8
0
 10
-73.7249
 20
-1.04232
 11
-73.7577
 21
0
  0
LINE
  8
0
 10
-73.7577
 20
0
 11
-73.7249
 21
1.04232
  0
LINE
  8
0
 10
-73.7249
 20
1.04232
 11
-73.6268
 21
2.08053
  0
LINE
  8
0
 10
-73.6268
 20
2.08053
 11
-73.4636
 21
3.11053
  0
LINE
  8
0
 10
-73.4636
 20
3.11053
 11
-73.2361
 21
4.12825
  0
LINE
  8
0
 10
-73.2361
 20
4.12825
 11
-72.9452
 21
5.12968
  0
LINE
  8
0
 10
-72.9452
 20
5.12968
 11
-72.5919
 21
6.11087
  0
LINE
  8
0
 10
-72.5919
 20
6.11087
 11
-72.1778
 21
7.06794
  0
LINE
  8
0
 10
-72.1778
 20
7.06794
 11
-71.7043
 21
7.99711
  0
LINE
  8
0
 10
-71.7043
 20
7.99711
 11
-71.1735
 21
8.89472
  0
LINE
  8
0
 10
-71.1735
 20
8.89472
 11
-70.5873
 21
9.75723
  0
LINE
  8
0
 10
-70.5873
 20
9.75723
 11
-69.9482
 21
10.5812
  0
LINE
  8
0
 10
-69.9482
 20
10.5812
 11
-69.2585
 21
11.3635
  0
LINE
  8
0
 10
-69.2585
 20
11.3635
 11
-68.5211
 21
12.1009
  0
LINE
  8
0
 10
-68.5211
 20
12.1009
 11
-67.7389
 21
12.7905
  0
LINE
  8
0
 10
-67.7389
 20
12.7905
 11
-66.9149
 21
13.4297
  0
LINE
  8
0
 10
-66.9149
 20
13.4297
 11
-66.0524
 21
14.0158
  0
LINE
  8
0
 10
-66.0524
 20
14.0158
 11
-65.1548
 21
14.5467
  0
LINE
  8
0
 10
-65.1548
 20
14.5467
 11
-64.2395
 21
15.013
  0
LINE
  8
0
 10
-64.2395
 20
15.013
 11
-63.9265
 21
16.4135
  0
LINE
  8
0
 10
-63.9265
 20
16.4135
 11
-63.5557
 21
17.69
  0
LINE
  8
0
 10
-63.5557
 20
17.69
 11
-64.2256
 21
17.9799
  0
LINE
  8
0
 10
-64.2256
 20
17.9799
 11
-65.1548
 21
18.4533
  0
LINE
  8
0
 10
-65.1548
 20
18.4533
 11
-66.0524
 21
18.9842
  0
LINE
  8
0
 10
-66.0524
 20
18.9842
 11
-66.9149
 21
19.5703
  0
LINE
  8
0
 10
-66.9149
 20
19.5703
 11
-67.7389
 21
20.2095
  0
LINE
  8
0
 10
-67.7389
 20
20.2095
 11
-68.5212
 21
20.8991
  0
LINE
  8
0
 10
-68.5212
 20
20.8991
 11
-69.2586
 21
21.6365
  0
LINE
  8
0
 10
-69.2586
 20
21.6365
 11
-69.9482
 21
22.4188
  0
LINE
  8
0
 10
-69.9482
 20
22.4188
 11
-70.5874
 21
23.2428
  0
LINE
  8
0
 10
-70.5874
 20
23.2428
 11
-71.1735
 21
24.1053
  0
LINE
  8
0
 10
-71.1735
 20
24.1053
 11
-71.7044
 21
25.0029
  0
LINE
  8
0
 10
-71.7044
 20
25.0029
 11
-72.1778
 21
25.9321
  0
LINE
  8
0
 10
-72.1778
 20
25.9321
 11
-72.592
 21
26.8891
  0
LINE
  8
0
 10
-72.592
 20
26.8891
 11
-72.9452
 21
27.8703
  0
LINE
  8
0
 10
-72.9452
 20
27.8703
 11
-73.2362
 21
28.8717
  0
LINE
  8
0
 10
-73.2362
 20
28.8717
 11
-73.4636
 21
29.8895
  0
LINE
  8
0
 10
-73.4636
 20
29.8895
 11
-73.6268
 21
30.9195
  0
LINE
  8
0
 10
-73.6268
 20
30.9195
 11
-73.7249
 21
31.9577
  0
LINE
  8
0
 10
-73.7249
 20
31.9577
 11
-73.7577
 21
33
  0
LINE
  8
0
 10
-73.7577
 20
33
 11
-73.7249
 21
34.0423
  0
LINE
  8
0
 10
-73.7249
 20
34.0423
 11
-73.6268
 21
35.0805
  0
LINE
  8
0
 10
-73.6268
 20
35.0805
 11
-73.4636
 21
36.1105
  0
LINE
  8
0
 10
-73.4636
 20
36.1105
 11
-73.2362
 21
37.1283
  0
LINE
  8
0
 10
-73.2362
 20
37.1283
 11
-72.9452
 21
38.1297
  0
LINE
  8
0
 10
-72.9452
 20
38.1297
 11
-72.592
 21
39.1109
  0
LINE
  8
0
 10
-72.592
 20
39.1109
 11
-72.1778
 21
40.0679
  0
LINE
  8
0
 10
-72.1778
 20
40.0679
 11
-71.7044
 21
40.9971
  0
LINE
  8
0
 10
-71.7044
 20
40.9971
 11
-71.1735
 21
41.8947
  0
LINE
  8
0
 10
-71.1735
 20
41.8947
 11
-70.5874
 21
42.7572
  0
LINE
  8
0
 10
-70.5874
 20
42.7572
 11
-69.9482
 21
43.5812
  0
LINE
  8
0
 10
-69.9482
 20
43.5812
 11
-69.2586
 21
44.3635
  0
LINE
  8
0
 10
-69.2586
 20
44.3635
 11
-68.5212
 21
45.1009
  0
LINE
  8
0
 10
-68.5212
 20
45.1009
 11
-67.7389
 21
45.7905
  0
LINE
  8
0
 10
-67.7389
 20
45.7905
 11
-66.9149
 21
46.4297
  0
LINE
  8
0
 10
-66.9149
 20
46.4297
 11
-66.0524
 21
47.0158
  0
LINE
  8
0
 10
-66.0524
 20
47.0158
 11
-65.1548
 21
47.5467
  0
LINE
  8
0
 10
-65.1548
 20
47.5467
 11
-64.2256
 21
48.0201
  0
LINE
  8
0
 10
-64.2256
 20
48.0201
 11
-63.2685
 21
48.4343
  0
LINE
  8
0
 10
-63.2685
 20
48.4343
 11
-62.2874
 21
48.7875
  0
LINE
  8
0
 10
-62.2874
 20
48.7875
 11
-61.2859
 21
49.0785
  0
LINE
  8
0
 10
-61.2859
 20
49.0785
 11
-60.2682
 21
49.306
  0
LINE
  8
0
 10
-60.2682
 20
49.306
 11
-59.2382
 21
49.4691
  0
LINE
  8
0
 10
-59.2382
 20
49.4691
 11
-58.2
 21
49.5672
  0
LINE
  8
0
 10
-58.2
 20
49.5672
 11
-57.1577
 21
49.6
  0
LINE
  8
0
 10
-57.1577
 20
49.6
 11
-56.1154
 21
49.5672
  0
LINE
  8
0
 10
-56.1154
 20
49.5672
 11
-55.0771
 21
49.4691
  0
LINE
  8
0
 10
-55.0771
 20
49.4691
 11
-54.0471
 21
49.306
  0
LINE
  8
0
 10
-54.0471
 20
49.306
 11
-53.0294
 21
49.0785
  0
LINE
  8
0
 10
-53.0294
 20
49.0785
 11
-52.028
 21
48.7875
  0
LINE
  8
0
 10
-52.028
 20
48.7875
 11
-51.0468
 21
48.4343
  0
LINE
  8
0
 10
-51.0468
 20
48.4343
 11
-50.0897
 21
48.0201
  0
LINE
  8
0
 10
-50.0897
 20
48.0201
 11
-49.1606
 21
47.5467
  0
LINE
  8
0
 10
-49.1606
 20
47.5467
 11
-48.263
 21
47.0158
  0
LINE
  8
0
 10
-48.263
 20
47.0158
 11
-47.4004
 21
46.4297
  0
LINE
  8
0
 10
-47.4004
 20
46.4297
 11
-47.0974
 21
46.1946
  0
LINE
  8
0
 10
-47.0974
 20
46.1946
 11
-45.1801
 21
48.1119
  0
LINE
  8
0
 10
-45.1801
 20
48.1119
 11
-45.1185
 21
48.1662
  0
LINE
  8
0
 10
-45.1185
 20
48.1662
 11
-45.1461
 21
48.4577
  0
LINE
  8
0
 10
-45.1461
 20
48.4577
 11
-45.1788
 21
49.5
  0
LINE
  8
0
 10
-45.1788
 20
49.5
 11
-45.1461
 21
50.5423
  0
LINE
  8
0
 10
-45.1461
 20
50.5423
 11
-45.0479
 21
51.5805
  0
LINE
  8
0
 10
-45.0479
 20
51.5805
 11
-44.8848
 21
52.6105
  0
LINE
  8
0
 10
-44.8848
 20
52.6105
 11
-44.6573
 21
53.6282
  0
LINE
  8
0
 10
-44.6573
 20
53.6282
 11
-44.3664
 21
54.6297
  0
LINE
  8
0
 10
-44.3664
 20
54.6297
 11
-44.0131
 21
55.6108
  0
LINE
  8
0
 10
-44.0131
 20
55.6108
 11
-43.599
 21
56.5679
  0
LINE
  8
0
 10
-43.599
 20
56.5679
 11
-43.1255
 21
57.4971
  0
LINE
  8
0
 10
-43.1255
 20
57.4971
 11
-42.5947
 21
58.3947
  0
LINE
  8
0
 10
-42.5947
 20
58.3947
 11
-42.0085
 21
59.2572
  0
LINE
  8
0
 10
-42.0085
 20
59.2572
 11
-41.3693
 21
60.0812
  0
LINE
  8
0
 10
-41.3693
 20
60.0812
 11
-40.6797
 21
60.8635
  0
LINE
  8
0
 10
-40.6797
 20
60.8635
 11
-39.9423
 21
61.6009
  0
LINE
  8
0
 10
-39.9423
 20
61.6009
 11
-39.1601
 21
62.2905
  0
LINE
  8
0
 10
-39.1601
 20
62.2905
 11
-38.3361
 21
62.9297
  0
LINE
  8
0
 10
-38.3361
 20
62.9297
 11
-37.4735
 21
63.5158
  0
LINE
  8
0
 10
-37.4735
 20
63.5158
 11
-36.5759
 21
64.0467
  0
LINE
  8
0
 10
-36.5759
 20
64.0467
 11
-35.6468
 21
64.5201
  0
LINE
  8
0
 10
-35.6468
 20
64.5201
 11
-34.6897
 21
64.9343
  0
LINE
  8
0
 10
-34.6897
 20
64.9343
 11
-33.7085
 21
65.2875
  0
LINE
  8
0
 10
-33.7085
 20
65.2875
 11
-32.7071
 21
65.5785
  0
LINE
  8
0
 10
-32.7071
 20
65.5785
 11
-31.6894
 21
65.8059
  0
LINE
  8
0
 10
-31.6894
 20
65.8059
 11
-30.6594
 21
65.9691
  0
LINE
  8
0
 10
-30.6594
 20
65.9691
 11
-29.6211
 21
66.0672
  0
LINE
  8
0
 10
-29.6211
 20
66.0672
 11
-28.5788
 21
66.1
  0
LINE
  8
0
 10
-28.5788
 20
66.1
 11
-27.5365
 21
66.0672
  0
LINE
  8
0
 10
-27.5365
 20
66.0672
 11
-26.4983
 21
65.9691
  0
LINE
  8
0
 10
-26.4983
 20
65.9691
 11
-25.4683
 21
65.8059
  0
LINE
  8
0
 10
-25.4683
 20
65.8059
 11
-24.4506
 21
65.5785
  0
LINE
  8
0
 10
-24.4506
 20
65.5785
 11
-23.4491
 21
65.2875
  0
LINE
  8
0
 10
-23.4491
 20
65.2875
 11
-22.468
 21
64.9343
  0
LINE
  8
0
 10
-22.468
 20
64.9343
 11
-21.5109
 21
64.5201
  0
LINE
  8
0
 10
-21.5109
 20
64.5201
 11
-20.5817
 21
64.0467
  0
LINE
  8
0
 10
-20.5817
 20
64.0467
 11
-19.6841
 21
63.5158
  0
LINE
  8
0
 10
-19.6841
 20
63.5158
 11
-19.128
 21
63.1379
  0
LINE
  8
0
 10
-19.128
 20
63.1379
 11
-16.4677
 21
63.9107
  0
LINE
  8
0
 10
-16.4677
 20
63.9107
 11
-16.4691
 21
63.9195
  0
LINE
  8
0
 10
-16.4691
 20
63.9195
 11
-16.5672
 21
64.9577
  0
LINE
  8
0
 10
-16.5672
 20
64.9577
 11
-16.6
 21
66
  0
LINE
  8
0
 10
-16.6
 20
66
 11
-16.5672
 21
67.0423
  0
LINE
  8
0
 10
-16.5672
 20
67.0423
 11
-16.4691
 21
68.0805
  0
LINE
  8
0
 10
-16.4691
 20
68.0805
 11
-16.306
 21
69.1105
  0
LINE
  8
0
 10
-16.306
 20
69.1105
 11
-16.0785
 21
70.1283
  0
LINE
  8
0
 10
-16.0785
 20
70.1283
 11
-15.7875
 21
71.1297
  0
LINE
  8
0
 10
-15.7875
 20
71.1297
 11
-15.4343
 21
72.1109
  0
LINE
  8
0
 10
-15.4343
 20
72.1109
 11
-15.0201
 21
73.0679
  0
LINE
  8
0
 10
-15.0201
 20
73.0679
 11
-14.5467
 21
73.9971
  0
LINE
  8
0
 10
-14.5467
 20
73.9971
 11
-14.0158
 21
74.8947
  0
LINE
  8
0
 10
-14.0158
 20
74.8947
 11
-13.4297
 21
75.7572
  0
LINE
  8
0
 10
-13.4297
 20
75.7572
 11
-12.7905
 21
76.5812
  0
LINE
  8
0
 10
-12.7905
 20
76.5812
 11
-12.1009
 21
77.3635
  0
LINE
  8
0
 10
-12.1009
 20
77.3635
 11
-11.3635
 21
78.1009
  0
LINE
  8
0
 10
-11.3635
 20
78.1009
 11
-10.5812
 21
78.7905
  0
LINE
  8
0
 10
-10.5812
 20
78.7905
 11
-9.75723
 21
79.4297
  0
LINE
  8
0
 10
-9.75723
 20
79.4297
 11
-8.89472
 21
80.0158
  0
LINE
  8
0
 10
-8.89472
 20
80.0158
 11
-7.99711
 21
80.5467
  0
LINE
  8
0
 10
-7.99711
 20
80.5467
 11
-7.06794
 21
81.0201
  0
LINE
  8
0
 10
-7.06794
 20
81.0201
 11
-6.11087
 21
81.4343
  0
LINE
  8
0
 10
-6.11087
 20
81.4343
 11
-5.12968
 21
81.7875
  0
LINE
  8
0
 10
-5.12968
 20
81.7875
 11
-4.12825
 21
82.0785
  0
LINE
  8
0
 10
-4.12825
 20
82.0785
 11
-3.11053
 21
82.306
  0
LINE
  8
0
 10
-3.11053
 20
82.306
 11
-2.08053
 21
82.4691
  0
LINE
  8
0
 10
-2.08053
 20
82.4691
 11
-1.04232
 21
82.5672
  0
LINE
  8
0
 10
-1.04232
 20
82.5672
 11
0
 21
82.6
  0
LINE
  8
0
 10
0
 20
82.6
 11
1.04232
 21
82.5672
  0
LINE
  8
0
 10
1.04232
 20
82.5672
 11
2.08053
 21
82.4691
  0
LINE
  8
0
 10
2.08053
 20
82.4691
 11
3.11053
 21
82.306
  0
LINE
  8
0
 10
3.11053
 20
82.306
 11
4.12825
 21
82.0785
  0
LINE
  8
0
 10
4.12825
 20
82.0785
 11
5.12968
 21
81.7875
  0
LINE
  8
0
 10
5.12968
 20
81.7875
 11
6.11087
 21
81.4343
  0
LINE
  8
0
 10
6.11087
 20
81.4343
 11
7.06794
 21
81.0201
  0
LINE
  8
0
 10
7.06794
 20
81.0201
 11
7.99711
 21
80.5467
  0
LINE
  8
0
 10
7.99711
 20
80.5467
 11
8.89472
 21
80.0158
  0
LINE
  8
0
 10
8.89472
 20
80.0158
 11
9.75723
 21
79.4297
  0
LINE
  8
0
 10
9.75723
 20
79.4297
 11
10.5812
 21
78.7905
  0
LINE
  8
0
 10
10.5812
 20
78.7905
 11
11.3635
 21
78.1009
  0
LINE
  8
0
 10
11.3635
 20
78.1009
 11
12.1009
 21
77.3635
  0
LINE
  8
0
 10
12.1009
 20
77.3635
 11
12.7905
 21
76.5812
  0
LINE
  8
0
 10
12.7905
 20
76.5812
 11
13.4297
 21
75.7572
  0
LINE
  8
0
 10
13.4297
 20
75.7572
 11
14.0158
 21
74.8947
  0
LINE
  8
0
 10
14.0158
 20
74.8947
 11
14.5467
 21
73.9971
  0
LINE
  8
0
 10
14.5467
 20
73.9971
 11
15.0201
 21
73.0679
  0
LINE
  8
0
 10
15.0201
 20
73.0679
 11
15.4343
 21
72.1109
  0
LINE
  8
0
 10
15.4343
 20
72.1109
 11
15.7875
 21
71.1297
  0
LINE
  8
0
 10
15.7875
 20
71.1297
 11
16.0785
 21
70.1283
  0
LINE
  8
0
 10
16.0785
 20
70.1283
 11
16.306
 21
69.1105
  0
LINE
  8
0
 10
16.306
 20
69.1105
 11
16.4691
 21
68.0805
  0
LINE
  8
0
 10
16.4691
 20
68.0805
 11
16.5672
 21
67.0423
  0
LINE
  8
0
 10
16.5672
 20
67.0423
 11
16.6
 21
66
  0
LINE
  8
0
 10
16.6
 20
66
 11
16.5672
 21
64.9577
  0
LINE
  8
0
 10
16.5672
 20
64.9577
 11
16.4691
 21
63.9195
  0
LINE
  8
0
 10
16.4691
 20
63.9195
 11
16.4677
 21
63.9107
  0
LINE
  8
0
 10
16.4677
 20
63.9107
 11
19.128
 21
63.1379
  0
LINE
  8
0
 10
19.128
 20
63.1379
 11
19.6841
 21
63.5158
  0
LINE
  8
0
 10
19.6841
 20
63.5158
 11
20.5817
 21
64.0467
  0
LINE
  8
0
 10
20.5817
 20
64.0467
 11
21.5109
 21
64.5201
  0
LINE
  8
0
 10
21.5109
 20
64.5201
 11
22.468
 21
64.9343
  0
LINE
  8
0
 10
22.468
 20
64.9343
 11
23.4491
 21
65.2875
  0
LINE
  8
0
 10
23.4491
 20
65.2875
 11
24.4506
 21
65.5785
  0
LINE
  8
0
 10
24.4506
 20
65.5785
 11
25.4683
 21
65.8059
  0
LINE
  8
0
 10
25.4683
 20
65.8059
 11
26.4983
 21
65.9691
  0
LINE
  8
0
 10
26.4983
 20
65.9691
 11
27.5365
 21
66.0672
  0
LINE
  8
0
 10
27.5365
 20
66.0672
 11
28.5788
 21
66.1
  0
LINE
  8
0
 10
28.5788
 20
66.1
 11
29.6211
 21
66.0672
  0
LINE
  8
0
 10
29.6211
 20
66.0672
 11
30.6594
 21
65.9691
  0
LINE
  8
0
 10
30.6594
 20
65.9691
 11
31.6894
 21
65.8059
  0
LINE
  8
0
 10
31.6894
 20
65.8059
 11
32.7071
 21
65.5785
  0
LINE
  8
0
 10
32.7071
 20
65.5785
 11
33.7085
 21
65.2875
  0
LINE
  8
0
 10
33.7085
 20
65.2875
 11
34.6897
 21
64.9343
  0
LINE
  8
0
 10
34.6897
 20
64.9343
 11
35.6468
 21
64.5201
  0
LINE
  8
0
 10
35.6468
 20
64.5201
 11
36.5759
 21
64.0467
  0
LINE
  8
0
 10
36.5759
 20
64.0467
 11
37.4735
 21
63.5158
  0
LINE
  8
0
 10
37.4735
 20
63.5158
 11
38.3361
 21
62.9297
  0
LINE
  8
0
 10
38.3361
 20
62.9297
 11
39.1601
 21
62.2905
  0
LINE
  8
0
 10
39.1601
 20
62.2905
 11
39.9423
 21
61.6009
  0
LINE
  8
0
 10
39.9423
 20
61.6009
 11
40.6797
 21
60.8635
  0
LINE
  8
0
 10
40.6797
 20
60.8635
 11
41.3693
 21
60.0812
  0
LINE
  8
0
 10
41.3693
 20
60.0812
 11
42.0085
 21
59.2572
  0
LINE
  8
0
 10
42.0085
 20
59.2572
 11
42.5947
 21
58.3947
  0
LINE
  8
0
 10
42.5947
 20
58.3947
 11
43.1255
 21
57.4971
  0
LINE
  8
0
 10
43.1255
 20
57.4971
 11
43.599
 21
56.5679
  0
LINE
  8
0
 10
43.599
 20
56.5679
 11
44.0131
 21
55.6108
  0
LINE
  8
0
 10
44.0131
 20
55.6108
 11
44.3664
 21
54.6297
  0
LINE
  8
0
 10
44.3664
 20
54.6297
 11
44.6573
 21
53.6282
  0
LINE
  8
0
 10
44.6573
 20
53.6282
 11
44.8848
 21
52.6105
  0
LINE
  8
0
 10
44.8848
 20
52.6105
 11
45.0479
 21
51.5805
  0
LINE
  8
0
 10
45.0479
 20
51.5805
 11
45.1461
 21
50.5423
  0
LINE
  8
0
 10
45.1461
 20
50.5423
 11
45.1788
 21
49.5
  0
LINE
  8
0
 10
45.1788
 20
49.5
 11
45.1461
 21
48.4577
  0
LINE
  8
0
 10
45.1461
 20
48.4577
 11
45.1185
 21
48.1662
  0
LINE
  8
0
 10
45.1185
 20
48.1662
 11
45.1801
 21
48.1119
  0
LINE
  8
0
 10
45.1801
 20
48.1119
 11
47.0974
 21
46.1946
  0
LINE
  8
0
 10
47.0974
 20
46.1946
 11
47.4004
 21
46.4297
  0
LINE
  8
0
 10
47.4004
 20
46.4297
 11
48.263
 21
47.0158
  0
LINE
  8
0
 10
48.263
 20
47.0158
 11
49.1606
 21
47.5467
  0
LINE
  8
0
 10
49.1606
 20
47.5467
 11
50.0897
 21
48.0201
  0
LINE
  8
0
 10
50.0897
 20
48.0201
 11
51.0468
 21
48.4343
  0
LINE
  8
0
 10
51.0468
 20
48.4343
 11
52.028
 21
48.7875
  0
LINE
  8
0
 10
52.028
 20
48.7875
 11
53.0294
 21
49.0785
  0
LINE
  8
0
 10
53.0294
 20
49.0785
 11
54.0471
 21
49.306
  0
LINE
  8
0
 10
54.0471
 20
49.306
 11
55.0771
 21
49.4691
  0
LINE
  8
0
 10
55.0771
 20
49.4691
 11
56.1154
 21
49.5672
  0
LINE
  8
0
 10
56.1154
 20
49.5672
 11
57.1577
 21
49.6
  0
LINE
  8
0
 10
57.1577
 20
49.6
 11
58.2
 21
49.5672
  0
LINE
  8
0
 10
58.2
 20
49.5672
 11
59.2382
 21
49.4691
  0
LINE
  8
0
 10
59.2382
 20
49.4691
 11
60.2682
 21
49.306
  0
LINE
  8
0
 10
60.2682
 20
49.306
 11
61.2859
 21
49.0785
  0
LINE
  8
0
 10
61.2859
 20
49.0785
 11
62.2874
 21
48.7875
  0
LINE
  8
0
 10
62.2874
 20
48.7875
 11
63.2685
 21
48.4343
  0
LINE
  8
0
 10
63.2685
 20
48.4343
 11
64.2256
 21
48.0201
  0
LINE
  8
0
 10
64.2256
 20
48.0201
 11
65.1548
 21
47.5467
  0
LINE
  8
0
 10
65.1548
 20
47.5467
 11
66.0524
 21
47.0158
  0
LINE
  8
0
 10
66.0524
 20
47.0158
 11
66.9149
 21
46.4297
  0
LINE
  8
0
 10
66.9149
 20
46.4297
 11
67.7389
 21
45.7905
  0
LINE
  8
0
 10
67.7389
 20
45.7905
 11
68.5212
 21
45.1009
  0
LINE
  8
0
 10
68.5212
 20
45.1009
 11
69.2586
 21
44.3635
  0
LINE
  8
0
 10
69.2586
 20
44.3635
 11
69.9482
 21
43.5812
  0
LINE
  8
0
 10
69.9482
 20
43.5812
 11
70.5874
 21
42.7572
  0
LINE
  8
0
 10
70.5874
 20
42.7572
 11
71.1735
 21
41.8947
  0
LINE
  8
0
 10
71.1735
 20
41.8947
 11
71.7044
 21
40.9971
  0
LINE
  8
0
 10
71.7044
 20
40.9971
 11
72.1778
 21
40.0679
  0
LINE
  8
0
 10
72.1778
 20
40.0679
 11
72.592
 21
39.1109
  0
LINE
  8
0
 10
72.592
 20
39.1109
 11
72.9452
 21
38.1297
  0
LINE
  8
0
 10
72.9452
 20
38.1297
 11
73.2362
 21
37.1283
  0
LINE
  8
0
 10
73.2362
 20
37.1283
 11
73.4636
 21
36.1105
  0
LINE
  8
0
 10
73.4636
 20
36.1105
 11
73.6268
 21
35.0805
  0
LINE
  8
0
 10
73.6268
 20
35.0805
 11
73.7249
 21
34.0423
  0
LINE
  8
0
 10
73.7249
 20
34.0423
 11
73.7577
 21
33
  0
LINE
  8
0
 10
73.7577
 20
33
 11
73.7249
 21
31.9577
  0
LINE
  8
0
 10
73.7249
 20
31.9577
 11
73.6268
 21
30.9195
  0
LINE
  8
0
 10
73.6268
 20
30.9195
 11
73.4636
 21
29.8895
  0
LINE
  8
0
 10
73.4636
 20
29.8895
 11
73.2362
 21
28.8717
  0
LINE
  8
0
 10
73.2362
 20
28.8717
 11
72.9452
 21
27.8703
  0
LINE
  8
0
 10
72.9452
 20
27.8703
 11
72.592
 21
26.8891
  0
LINE
  8
0
 10
72.592
 20
26.8891
 11
72.1778
 21
25.9321
  0
LINE
  8
0
 10
72.1778
 20
25.9321
 11
71.7044
 21
25.0029
  0
LINE
  8
0
 10
71.7044
 20
25.0029
 11
71.1735
 21
24.1053
  0
LINE
  8
0
 10
71.1735
 20
24.1053
 11
70.5874
 21
23.2428
  0
LINE
  8
0
 10
70.5874
 20
23.2428
 11
69.9482
 21
22.4188
  0
LINE
  8
0
 10
69.9482
 20
22.4188
 11
69.2586
 21
21.6365
  0
LINE
  8
0
 10
69.2586
 20
21.6365
 11
68.5212
 21
20.8991
  0
LINE
  8
0
 10
68.5212
 20
20.8991
 11
67.7389
 21
20.2095
  0
LINE
  8
0
 10
67.7389
 20
20.2095
 11
66.9149
 21
19.5703
  0
LINE
  8
0
 10
66.9149
 20
19.5703
 11
66.0524
 21
18.9842
  0
LINE
  8
0
 10
66.0524
 20
18.9842
 11
65.1548
 21
18.4533
  0
LINE
  8
0
 10
65.1548
 20
18.4533
 11
64.2256
 21
17.9799
  0
LINE
  8
0
 10
64.2256
 20
17.9799
 11
63.5557
 21
17.69
  0
LINE
  8
0
 10
63.5557
 20
17.69
 11
63.9265
 21
16.4135
  0
LINE
  8
0
 10
63.9265
 20
16.4135
 11
64.2395
 21
15.013
  0
LINE
  8
0
 10
64.2395
 20
15.013
 11
65.1548
 21
14.5467
  0
LINE
  8
0
 10
65.1548
 20
14.5467
 11
66.0524
 21
14.0158
  0
LINE
  8
0
 10
66.0524
 20
14.0158
 11
66.9149
 21
13.4297
  0
LINE
  8
0
 10
66.9149
 20
13.4297
 11
67.7389
 21
12.7905
  0
LINE
  8
0
 10
67.7389
 20
12.7905
 11
68.5211
 21
12.1009
  0
LINE
  8
0
 10
68.5211
 20
12.1009
 11
69.2585
 21
11.3635
  0
LINE
  8
0
 10
69.2585
 20
11.3635
 11
69.9482
 21
10.5812
  0
LINE
  8
0
 10
69.9482
 20
10.5812
 11
70.5873
 21
9.75723
  0
LINE
  8
0
 10
70.5873
 20
9.75723
 11
71.1735
 21
8.89472
  0
LINE
  8
0
 10
71.1735
 20
8.89472
 11
71.7043
 21
7.99711
  0
LINE
  8
0
 10
71.7043
 20
7.99711
 11
72.1778
 21
7.06794
  0
LINE
  8
0
 10
72.1778
 20
7.06794
 11
72.5919
 21
6.11087
  0
LINE
  8
0
 10
72.5919
 20
6.11087
 11
72.9452
 21
5.12968
  0
LINE
  8
0
 10
72.9452
 20
5.12968
 11
73.2361
 21
4.12825
  0
LINE
  8
0
 10
73.2361
 20
4.12825
 11
73.4636
 21
3.11053
  0
LINE
  8
0
 10
73.4636
 20
3.11053
 11
73.6268
 21
2.08053
  0
LINE
  8
0
 10
73.6268
 20
2.08053
 11
73.7249
 21
1.04232
  0
LINE
  8
0
 10
73.7249
 20
1.04232
 11
73.7577
 21
0
  0
LINE
  8
0
 10
73.7577
 20
0
 11
73.7249
 21
-1.04232
  0
LINE
  8
0
 10
73.7249
 20
-1.04232
 11
73.6268
 21
-2.08053
  0
LINE
  8
0
 10
73.6268
 20
-2.08053
 11
73.4636
 21
-3.11053
  0
LINE
  8
0
 10
73.4636
 20
-3.11053
 11
73.2361
 21
-4.12825
  0
LINE
  8
0
 10
73.2361
 20
-4.12825
 11
72.9452
 21
-5.12968
  0
LINE
  8
0
 10
72.9452
 20
-5.12968
 11
72.5919
 21
-6.11087
  0
LINE
  8
0
 10
72.5919
 20
-6.11087
 11
72.1778
 21
-7.06794
  0
LINE
  8
0
 10
72.1778
 20
-7.06794
 11
71.7043
 21
-7.99711
  0
LINE
  8
0
 10
71.7043
 20
-7.99711
 11
71.1735
 21
-8.89472
  0
LINE
  8
0
 10
71.1735
 20
-8.89472
 11
70.5873
 21
-9.75723
  0
LINE
  8
0
 10
70.5873
 20
-9.75723
 11
69.9482
 21
-10.5812
  0
LINE
  8
0
 10
69.9482
 20
-10.5812
 11
69.2585
 21
-11.3635
  0
LINE
  8
0
 10
69.2585
 20
-11.3635
 11
68.5211
 21
-12.1009
  0
LINE
  8
0
 10
68.5211
 20
-12.1009
 11
67.7389
 21
-12.7905
  0
LINE
  8
0
 10
67.7389
 20
-12.7905
 11
66.9149
 21
-13.4297
  0
LINE
  8
0
 10
66.9149
 20
-13.4297
 11
66.0524
 21
-14.0158
  0
LINE
  8
0
 10
66.0524
 20
-14.0158
 11
65.1548
 21
-14.5467
  0
LINE
  8
0
 10
65.1548
 20
-14.5467
 11
64.2395
 21
-15.013
  0
LINE
  8
0
 10
64.2395
 20
-15.013
 11
63.9265
 21
-16.4135
  0
LINE
  8
0
 10
63.9265
 20
-16.4135
 11
63.5557
 21
-17.69
  0
LINE
  8
0
 10
63.5557
 20
-17.69
 11
64.2256
 21
-17.9799
  0
LINE
  8
0
 10
64.2256
 20
-17.9799
 11
65.1548
 21
-18.4533
  0
LINE
  8
0
 10
65.1548
 20
-18.4533
 11
66.0524
 21
-18.9842
  0
LINE
  8
0
 10
66.0524
 20
-18.9842
 11
66.9149
 21
-19.5703
  0
LINE
  8
0
 10
66.9149
 20
-19.5703
 11
67.7389
 21
-20.2095
  0
LINE
  8
0
 10
67.7389
 20
-20.2095
 11
68.5212
 21
-20.8991
  0
LINE
  8
0
 10
68.5212
 20
-20.8991
 11
69.2586
 21
-21.6365
  0
LINE
  8
0
 10
69.2586
 20
-21.6365
 11
69.9482
 21
-22.4188
  0
LINE
  8
0
 10
69.9482
 20
-22.4188
 11
70.5874
 21
-23.2428
  0
LINE
  8
0
 10
70.5874
 20
-23.2428
 11
71.1735
 21
-24.1053
  0
LINE
  8
0
 10
71.1735
 20
-24.1053
 11
71.7044
 21
-25.0029
  0
LINE
  8
0
 10
71.7044
 20
-25.0029
 11
72.1778
 21
-25.9321
  0
LINE
  8
0
 10
72.1778
 20
-25.9321
 11
72.592
 21
-26.8891
  0
LINE
  8
0
 10
72.592
 20
-26.8891
 11
72.9452
 21
-27.8703
  0
LINE
  8
0
 10
72.9452
 20
-27.8703
 11
73.2362
 21
-28.8717
  0
LINE
  8
0
 10
73.2362
 20
-28.8717
 11
73.4636
 21
-29.8895
  0
LINE
  8
0
 10
73.4636
 20
-29.8895
 11
73.6268
 21
-30.9195
  0
LINE
  8
0
 10
73.6268
 20
-30.9195
 11
73.7249
 21
-31.9577
  0
LINE
  8
0
 10
73.7249
 20
-31.9577
 11
73.7577
 21
-33
  0
LINE
  8
0
 10
73.7577
 20
-33
 11
73.7249
 21
-34.0423
  0
LINE
  8
0
 10
73.7249
 20
-34.0423
 11
73.6268
 21
-35.0805
  0
LINE
  8
0
 10
73.6268
 20
-35.0805
 11
73.4636
 21
-36.1105
  0
LINE
  8
0
 10
73.4636
 20
-36.1105
 11
73.2362
 21
-37.1283
  0
LINE
  8
0
 10
73.2362
 20
-37.1283
 11
72.9452
 21
-38.1297
  0
LINE
  8
0
 10
72.9452
 20
-38.1297
 11
72.592
 21
-39.1109
  0
LINE
  8
0
 10
72.592
 20
-39.1109
 11
72.1778
 21
-40.0679
  0
LINE
  8
0
 10
72.1778
 20
-40.0679
 11
71.7044
 21
-40.9971
  0
LINE
  8
0
 10
71.7044
 20
-40.9971
 11
71.1735
 21
-41.8947
  0
LINE
  8
0
 10
71.1735
 20
-41.8947
 11
70.5874
 21
-42.7572
  0
LINE
  8
0
 10
70.5874
 20
-42.7572
 11
69.9482
 21
-43.5812
  0
LINE
  8
0
 10
69.9482
 20
-43.5812
 11
69.2586
 21
-44.3635
  0
LINE
  8
0
 10
69.2586
 20
-44.3635
 11
68.5212
 21
-45.1009
  0
LINE
  8
0
 10
68.5212
 20
-45.1009
 11
67.7389
 21
-45.7905
  0
LINE
  8
0
 10
67.7389
 20
-45.7905
 11
66.9149
 21
-46.4297
  0
LINE
  8
0
 10
66.9149
 20
-46.4297
 11
66.0524
 21
-47.0158
  0
LINE
  8
0
 10
66.0524
 20
-47.0158
 11
65.1548
 21
-47.5467
  0
LINE
  8
0
 10
65.1548
 20
-47.5467
 11
64.2256
 21
-48.0201
  0
LINE
  8
0
 10
64.2256
 20
-48.0201
 11
63.2685
 21
-48.4343
  0
LINE
  8
0
 10
63.2685
 20
-48.4343
 11
62.2874
 21
-48.7875
  0
LINE
  8
0
 10
62.2874
 20
-48.7875
 11
61.2859
 21
-49.0785
  0
LINE
  8
0
 10
61.2859
 20
-49.0785
 11
60.2682
 21
-49.306
  0
LINE
  8
0
 10
60.2682
 20
-49.306
 11
59.2382
 21
-49.4691
  0
LINE
  8
0
 10
59.2382
 20
-49.4691
 11
58.2
 21
-49.5672
  0
LINE
  8
0
 10
58.2
 20
-49.5672
 11
57.1577
 21
-49.6
  0
LINE
  8
0
 10
57.1577
 20
-49.6
 11
56.1154
 21
-49.5672
  0
LINE
  8
0
 10
56.1154
 20
-49.5672
 11
55.0771
 21
-49.4691
  0
LINE
  8
0
 10
55.0771
 20
-49.4691
 11
54.0471
 21
-49.306
  0
LINE
  8
0
 10
54.0471
 20
-49.306
 11
53.0294
 21
-49.0785
  0
LINE
  8
0
 10
53.0294
 20
-49.0785
 11
52.028
 21
-48.7875
  0
LINE
  8
0
 10
52.028
 20
-48.7875
 11
51.0468
 21
-48.4343
  0
LINE
  8
0
 10
51.0468
 20
-48.4343
 11
50.0897
 21
-48.0201
  0
LINE
  8
0
 10
50.0897
 20
-48.0201
 11
49.1606
 21
-47.5467
  0
LINE
  8
0
 10
49.1606
 20
-47.5467
 11
48.263
 21
-47.0158
  0
LINE
  8
0
 10
48.263
 20
-47.0158
 11
47.4004
 21
-46.4297
  0
LINE
  8
0
 10
47.4004
 20
-46.4297
 11
47.0974
 21
-46.1946
  0
LINE
  8
0
 10
47.0974
 20
-46.1946
 11
45.1801
 21
-48.1119
  0
LINE
  8
0
 10
45.1801
 20
-48.1119
 11
45.1185
 21
-48.1662
  0
LINE
  8
0
 10
45.1185
 20
-48.1662
 11
45.1461
 21
-48.4577
  0
LINE
  8
0
 10
45.1461
 20
-48.4577
 11
45.1788
 21
-49.5
  0
LINE
  8
0
 10
45.1788
 20
-49.5
 11
45.1461
 21
-50.5423
  0
LINE
  8
0
 10
45.1461
 20
-50.5423
 11
45.0479
 21
-51.5805
  0
LINE
  8
0
 10
45.0479
 20
-51.5805
 11
44.8848
 21
-52.6105
  0
LINE
  8
0
 10
44.8848
 20
-52.6105
 11
44.6573
 21
-53.6282
  0
LINE
  8
0
 10
44.6573
 20
-53.6282
 11
44.3664
 21
-54.6297
  0
LINE
  8
0
 10
44.3664
 20
-54.6297
 11
44.0131
 21
-55.6108
  0
LINE
  8
0
 10
44.0131
 20
-55.6108
 11
43.599
 21
-56.5679
  0
LINE
  8
0
 10
43.599
 20
-56.5679
 11
43.1255
 21
-57.4971
  0
LINE
  8
0
 10
43.1255
 20
-57.4971
 11
42.5947
 21
-58.3947
  0
LINE
  8
0
 10
42.5947
 20
-58.3947
 11
42.0085
 21
-59.2572
  0
LINE
  8
0
 10
42.0085
 20
-59.2572
 11
41.3693
 21
-60.0812
  0
LINE
  8
0
 10
41.3693
 20
-60.0812
 11
40.6797
 21
-60.8635
  0
LINE
  8
0
 10
40.6797
 20
-60.8635
 11
39.9423
 21
-61.6009
  0
LINE
  8
0
 10
39.9423
 20
-61.6009
 11
39.1601
 21
-62.2905
  0
LINE
  8
0
 10
39.1601
 20
-62.2905
 11
38.3361
 21
-62.9297
  0
LINE
  8
0
 10
38.3361
 20
-62.9297
 11
37.4735
 21
-63.5158
  0
LINE
  8
0
 10
37.4735
 20
-63.5158
 11
36.5759
 21
-64.0467
  0
LINE
  8
0
 10
36.5759
 20
-64.0467
 11
35.6468
 21
-64.5201
  0
LINE
  8
0
 10
35.6468
 20
-64.5201
 11
34.6897
 21
-64.9343
  0
LINE
  8
0
 10
34.6897
 20
-64.9343
 11
33.7085
 21
-65.2875
  0
LINE
  8
0
 10
33.7085
 20
-65.2875
 11
32.7071
 21
-65.5785
  0
LINE
  8
0
 10
32.7071
 20
-65.5785
 11
31.6894
 21
-65.8059
  0
LINE
  8
0
 10
31.6894
 20
-65.8059
 11
30.6594
 21
-65.9691
  0
LINE
  8
0
 10
30.6594
 20
-65.9691
 11
29.6211
 21
-66.0672
  0
LINE
  8
0
 10
29.6211
 20
-66.0672
 11
28.5788
 21
-66.1
  0
LINE
  8
0
 10
28.5788
 20
-66.1
 11
27.5365
 21
-66.0672
  0
LINE
  8
0
 10
27.5365
 20
-66.0672
 11
26.4983
 21
-65.9691
  0
LINE
  8
0
 10
26.4983
 20
-65.9691
 11
25.4683
 21
-65.8059
  0
LINE
  8
0
 10
25.4683
 20
-65.8059
 11
24.4506
 21
-65.5785
  0
LINE
  8
0
 10
24.4506
 20
-65.5785
 11
23.4491
 21
-65.2875
  0
LINE
  8
0
 10
23.4491
 20
-65.2875
 11
22.468
 21
-64.9343
  0
LINE
  8
0
 10
22.468
 20
-64.9343
 11
21.5109
 21
-64.5201
  0
LINE
  8
0
 10
21.5109
 20
-64.5201
 11
20.5817
 21
-64.0467
  0
LINE
  8
0
 10
20.5817
 20
-64.0467
 11
19.6841
 21
-63.5158
  0
LINE
  8
0
 10
19.6841
 20
-63.5158
 11
19.128
 21
-63.1379
  0
LINE
  8
0
 10
19.128
 20
-63.1379
 11
16.4677
 21
-63.9107
  0
LINE
  8
0
 10
16.4677
 20
-63.9107
 11
16.4691
 21
-63.9195
  0
LINE
  8
0
 10
16.4691
 20
-63.9195
 11
16.5672
 21
-64.9577
  0
LINE
  8
0
 10
16.5672
 20
-64.9577
 11
16.6
 21
-66
  0
LINE
  8
0
 10
16.6
 20
-66
 11
16.5672
 21
-67.0423
  0
LINE
  8
0
 10
16.5672
 20
-67.0423
 11
16.4691
 21
-68.0805
  0
LINE
  8
0
 10
16.4691
 20
-68.0805
 11
16.306
 21
-69.1105
  0
LINE
  8
0
 10
16.306
 20
-69.1105
 11
16.0785
 21
-70.1283
  0
LINE
  8
0
 10
16.0785
 20
-70.1283
 11
15.7875
 21
-71.1297
  0
LINE
  8
0
 10
15.7875
 20
-71.1297
 11
15.4343
 21
-72.1109
  0
LINE
  8
0
 10
15.4343
 20
-72.1109
 11
15.0201
 21
-73.0679
  0
LINE
  8
0
 10
15.0201
 20
-73.0679
 11
14.5467
 21
-73.9971
  0
LINE
  8
0
 10
14.5467
 20
-73.9971
 11
14.0158
 21
-74.8947
  0
LINE
  8
0
 10
14.0158
 20
-74.8947
 11
13.4297
 21
-75.7572
  0
LINE
  8
0
 10
13.4297
 20
-75.7572
 11
12.7905
 21
-76.5812
  0
LINE
  8
0
 10
12.7905
 20
-76.5812
 11
12.1009
 21
-77.3635
  0
LINE
  8
0
 10
12.1009
 20
-77.3635
 11
11.3635
 21
-78.1009
  0
LINE
  8
0
 10
11.3635
 20
-78.1009
 11
10.5812
 21
-78.7905
  0
LINE
  8
0
 10
10.5812
 20
-78.7905
 11
9.75723
 21
-79.4297
  0
LINE
  8
0
 10
9.75723
 20
-79.4297
 11
8.89472
 21
-80.0158
  0
LINE
  8
0
 10
8.89472
 20
-80.0158
 11
7.99711
 21
-80.5467
  0
LINE
  8
0
 10
7.99711
 20
-80.5467
 11
7.06794
 21
-81.0201
  0
LINE
  8
0
 10
7.06794
 20
-81.0201
 11
6.11087
 21
-81.4343
  0
LINE
  8
0
 10
6.11087
 20
-81.4343
 11
5.12968
 21
-81.7875
  0
LINE
  8
0
 10
5.12968
 20
-81.7875
 11
4.12825
 21
-82.0785
  0
LINE
  8
0
 10
4.12825
 20
-82.0785
 11
3.11053
 21
-82.306
  0
LINE
  8
0
 10
3.11053
 20
-82.306
 11
2.08053
 21
-82.4691
  0
LINE
  8
0
 10
2.08053
 20
-82.4691
 11
1.04232
 21
-82.5672
  0
LINE
  8
0
 10
1.04232
 20
-82.5672
 11
0
 21
-82.6
  0
LINE
  8
0
 10
0
 20
-82.6
 11
-1.04232
 21
-82.5672
  0
LINE
  8
0
 10
-1.04232
 20
-82.5672
 11
-2.08053
 21
-82.4691
  0
LINE
  8
0
 10
-2.08053
 20
-82.4691
 11
-3.11053
 21
-82.306
  0
LINE
  8
0
 10
-3.11053
 20
-82.306
 11
-4.12825
 21
-82.0785
  0
LINE
  8
0
 10
-4.12825
 20
-82.0785
 11
-5.12968
 21
-81.7875
  0
LINE
  8
0
 10
-5.12968
 20
-81.7875
 11
-6.11087
 21
-81.4343
  0
LINE
  8
0
 10
-6.11087
 20
-81.4343
 11
-7.06794
 21
-81.0201
  0
LINE
  8
0
 10
-7.06794
 20
-81.0201
 11
-7.99711
 21
-80.5467
  0
LINE
  8
0
 10
-7.99711
 20
-80.5467
 11
-8.89472
 21
-80.0158
  0
LINE
  8
0
 10
-8.89472
 20
-80.0158
 11
-9.75723
 21
-79.4297
  0
LINE
  8
0
 10
-9.75723
 20
-79.4297
 11
-10.5812
 21
-78.7905
  0
LINE
  8
0
 10
-10.5812
 20
-78.7905
 11
-11.3635
 21
-78.1009
  0
LINE
  8
0
 10
-11.3635
 20
-78.1009
 11
-12.1009
 21
-77.3635
  0
LINE
  8
0
 10
-12.1009
 20
-77.3635
 11
-12.7905
 21
-76.5812
  0
LINE
  8
0
 10
-12.7905
 20
-76.5812
 11
-13.4297
 21
-75.7572
  0
LINE
  8
0
 10
-13.4297
 20
-75.7572
 11
-14.0158
 21
-74.8947
  0
LINE
  8
0
 10
-14.0158
 20
-74.8947
 11
-14.5467
 21
-73.9971
  0
LINE
  8
0
 10
-14.5467
 20
-73.9971
 11
-15.0201
 21
-73.0679
  0
LINE
  8
0
 10
-15.0201
 20
-73.0679
 11
-15.4343
 21
-72.1109
  0
LINE
  8
0
 10
-15.4343
 20
-72.1109
 11
-15.7875
 21
-71.1297
  0
LINE
  8
0
 10
-15.7875
 20
-71.1297
 11
-16.0785
 21
-70.1283
  0
LINE
  8
0
 10
-16.0785
 20
-70.1283
 11
-16.306
 21
-69.1105
  0
LINE
  8
0
 10
-16.306
 20
-69.1105
 11
-16.4691
 21
-68.0805
  0
LINE
  8
0
 10
-16.4691
 20
-68.0805
 11
-16.5672
 21
-67.0423
  0
LINE
  8
0
 10
-16.5672
 20
-67.0423
 11
-16.6
 21
-66
  0
LINE
  8
0
 10
-16.6
 20
-66
 11
-16.5672
 21
-64.9577
  0
LINE
  8
0
 10
-16.5672
 20
-64.9577
 11
-16.4691
 21
-63.9195
  0
LINE
  8
0
 10
-16.4691
 20
-63.9195
 11
-16.4677
 21
-63.9107
  0
LINE
  8
0
 10
-16.4677
 20
-63.9107
 11
-19.128
 21
-63.1379
  0
LINE
  8
0
 10
-19.128
 20
-63.1379
 11
-19.6841
 21
-63.5158
  0
LINE
  8
0
 10
-19.6841
 20
-63.5158
 11
-20.5817
 21
-64.0467
  0
LINE
  8
0
 10
-20.5817
 20
-64.0467
 11
-21.5109
 21
-64.5201
  0
LINE
  8
0
 10
-21.5109
 20
-64.5201
 11
-22.468
 21
-64.9343
  0
LINE
  8
0
 10
-22.468
 20
-64.9343
 11
-23.4491
 21
-65.2875
  0
LINE
  8
0
 10
-23.4491
 20
-65.2875
 11
-24.4506
 21
-65.5785
  0
LINE
  8
0
 10
-24.4506
 20
-65.5785
 11
-25.4683
 21
-65.8059
  0
LINE
  8
0
 10
-25.4683
 20
-65.8059
 11
-26.4983
 21
-65.9691
  0
LINE
  8
0
 10
-26.4983
 20
-65.9691
 11
-27.5365
 21
-66.0672
  0
LINE
  8
0
 10
-27.5365
 20
-66.0672
 11
-28.5788
 21
-66.1
  0
LINE
  8
0
 10
-28.5788
 20
-66.1
 11
-29.6211
 21
-66.0672
  0
LINE
  8
0
 10
-29.6211
 20
-66.0672
 11
-30.6594
 21
-65.9691
  0
LINE
  8
0
 10
-30.6594
 20
-65.9691
 11
-31.6894
 21
-65.8059
  0
LINE
  8
0
 10
-31.6894
 20
-65.8059
 11
-32.7071
 21
-65.5785
  0
LINE
  8
0
 10
-32.7071
 20
-65.5785
 11
-33.7085
 21
-65.2875
  0
LINE
  8
0
 10
-33.7085
 20
-65.2875
 11
-34.6897
 21
-64.9343
  0
LINE
  8
0
 10
-34.6897
 20
-64.9343
 11
-35.6468
 21
-64.5201
  0
LINE
  8
0
 10
-35.6468
 20
-64.5201
 11
-36.5759
 21
-64.0467
  0
LINE
  8
0
 10
-36.5759
 20
-64.0467
 11
-37.4735
 21
-63.5158
  0
LINE
  8
0
 10
-37.4735
 20
-63.5158
 11
-38.3361
 21
-62.9297
  0
LINE
  8
0
 10
-38.3361
 20
-62.9297
 11
-39.1601
 21
-62.2905
  0
LINE
  8
0
 10
-39.1601
 20
-62.2905
 11
-39.9423
 21
-61.6009
  0
LINE
  8
0
 10
-39.9423
 20
-61.6009
 11
-40.6797
 21
-60.8635
  0
LINE
  8
0
 10
-40.6797
 20
-60.8635
 11
-41.3693
 21
-60.0812
  0
LINE
  8
0
 10
-41.3693
 20
-60.0812
 11
-42.0085
 21
-59.2572
  0
LINE
  8
0
 10
-42.0085
 20
-59.2572
 11
-42.5947
 21
-58.3947
  0
LINE
  8
0
 10
-42.5947
 20
-58.3947
 11
-43.1255
 21
-57.4971
  0
LINE
  8
0
 10
-43.1255
 20
-57.4971
 11
-43.599
 21
-56.5679
  0
LINE
  8
0
 10
-43.599
 20
-56.5679
 11
-44.0131
 21
-55.6108
  0
LINE
  8
0
 10
-44.0131
 20
-55.6108
 11
-44.3664
 21
-54.6297
  0
LINE
  8
0
 10
-44.3664
 20
-54.6297
 11
-44.6573
 21
-53.6282
  0
LINE
  8
0
 10
-44.6573
 20
-53.6282
 11
-44.8848
 21
-52.6105
  0
LINE
  8
0
 10
-44.8848
 20
-52.6105
 11
-45.0479
 21
-51.5805
  0
LINE
  8
0
 10
-45.0479
 20
-51.5805
 11
-45.1461
 21
-50.5423
  0
LINE
  8
0
 10
-45.1461
 20
-50.5423
 11
-45.1788
 21
-49.5
  0
LINE
  8
0
 10
-45.1788
 20
-49.5
 11
-45.1461
 21
-48.4577
  0
LINE
  8
0
 10
-45.1461
 20
-48.4577
 11
-45.1185
 21
-48.1662
  0
LINE
  8
0
 10
-45.1185
 20
-48.1662
 11
-45.1801
 21
-48.1119
  0
LINE
  8
0
 10
-45.1801
 20
-48.1119
 11
-47.0974
 21
-46.1946
  0
LINE
  8
0
 10
-47.0974
 20
-46.1946
 11
-47.4004
 21
-46.4297
  0
LINE
  8
0
 10
-47.4004
 20
-46.4297
 11
-48.263
 21
-47.0158
  0
LINE
  8
0
 10
-48.263
 20
-47.0158
 11
-49.1606
 21
-47.5467
  0
LINE
  8
0
 10
-49.1606
 20
-47.5467
 11
-50.0897
 21
-48.0201
  0
LINE
  8
0
 10
-50.0897
 20
-48.0201
 11
-51.0468
 21
-48.4343
  0
LINE
  8
0
 10
-51.0468
 20
-48.4343
 11
-52.028
 21
-48.7875
  0
LINE
  8
0
 10
-52.028
 20
-48.7875
 11
-53.0294
 21
-49.0785
  0
LINE
  8
0
 10
-53.0294
 20
-49.0785
 11
-54.0471
 21
-49.306
  0
LINE
  8
0
 10
-54.0471
 20
-49.306
 11
-55.0771
 21
-49.4691
  0
LINE
  8
0
 10
-55.0771
 20
-49.4691
 11
-56.1154
 21
-49.5672
  0
LINE
  8
0
 10
-56.1154
 20
-49.5672
 11
-57.1577
 21
-49.6
  0
LINE
  8
0
 10
-57.1577
 20
-49.6
 11
-58.2
 21
-49.5672
  0
LINE
  8
0
 10
-58.2
 20
-49.5672
 11
-59.2382
 21
-49.4691
  0
LINE
  8
0
 10
-59.2382
 20
-49.4691
 11
-60.2682
 21
-49.306
  0
LINE
  8
0
 10
-60.2682
 20
-49.306
 11
-61.2859
 21
-49.0785
  0
LINE
  8
0
 10
-61.2859
 20
-49.0785
 11
-62.2874
 21
-48.7875
  0
LINE
  8
0
 10
-62.2874
 20
-48.7875
 11
-63.2685
 21
-48.4343
  0
LINE
  8
0
 10
-63.2685
 20
-48.4343
 11
-64.2256
 21
-48.0201
  0
LINE
  8
0
 10
-64.2256
 20
-48.0201
 11
-65.1548
 21
-47.5467
  0
LINE
  8
0
 10
-65.1548
 20
-47.5467
 11
-66.0524
 21
-47.0158
  0
LINE
  8
0
 10
-66.0524
 20
-47.0158
 11
-66.9149
 21
-46.4297
  0
LINE
  8
0
 10
-66.9149
 20
-46.4297
 11
-67.7389
 21
-45.7905
  0
LINE
  8
0
 10
-67.7389
 20
-45.7905
 11
-68.5212
 21
-45.1009
  0
LINE
  8
0
 10
-68.5212
 20
-45.1009
 11
-69.2586
 21
-44.3635
  0
LINE
  8
0
 10
-69.2586
 20
-44.3635
 11
-69.9482
 21
-43.5812
  0
LINE
  8
0
 10
-69.9482
 20
-43.5812
 11
-70.5874
 21
-42.7572
  0
LINE
  8
0
 10
-70.5874
 20
-42.7572
 11
-71.1735
 21
-41.8947
  0
LINE
  8
0
 10
-71.1735
 20
-41.8947
 11
-71.7044
 21
-40.9971
  0
LINE
  8
0
 10
-71.7044
 20
-40.9971
 11
-72.1778
 21
-40.0679
  0
LINE
  8
0
 10
-72.1778
 20
-40.0679
 11
-72.592
 21
-39.1109
  0
LINE
  8
0
 10
-72.592
 20
-39.1109
 11
-72.9452
 21
-38.1297
  0
LINE
  8
0
 10
-72.9452
 20
-38.1297
 11
-73.2362
 21
-37.1283
  0
LINE
  8
0
 10
-73.2362
 20
-37.1283
 11
-73.4636
 21
-36.1105
  0
LINE
  8
0
 10
-73.4636
 20
-36.1105
 11
-73.6268
 21
-35.0805
  0
LINE
  8
0
 10
-73.6268
 20
-35.0805
 11
-73.7249
 21
-34.0423
  0
LINE
  8
0
 10
-73.7249
 20
-34.0423
 11
-73.7577
 21
-33
  0
LINE
  8
0
 10
86.825
 20
0
 11
86.8313
 21
0.19936
  0
LINE
  8
0
 10
86.8313
 20
0.19936
 11
86.85
 21
0.397932
  0
LINE
  8
0
 10
86.85
 20
0.397932
 11
86.8812
 21
0.594934
  0
LINE
  8
0
 10
86.8812
 20
0.594934
 11
86.9248
 21
0.78959
  0
LINE
  8
0
 10
86.9248
 20
0.78959
 11
86.9804
 21
0.981129
  0
LINE
  8
0
 10
86.9804
 20
0.981129
 11
87.048
 21
1.16879
  0
LINE
  8
0
 10
87.048
 20
1.16879
 11
87.1272
 21
1.35185
  0
LINE
  8
0
 10
87.1272
 20
1.35185
 11
87.2177
 21
1.52957
  0
LINE
  8
0
 10
87.2177
 20
1.52957
 11
87.3193
 21
1.70125
  0
LINE
  8
0
 10
87.3193
 20
1.70125
 11
87.4314
 21
1.86622
  0
LINE
  8
0
 10
87.4314
 20
1.86622
 11
87.5536
 21
2.02382
  0
LINE
  8
0
 10
87.5536
 20
2.02382
 11
87.6855
 21
2.17344
  0
LINE
  8
0
 10
87.6855
 20
2.17344
 11
87.8266
 21
2.31448
  0
LINE
  8
0
 10
87.8266
 20
2.31448
 11
87.9762
 21
2.44638
  0
LINE
  8
0
 10
87.9762
 20
2.44638
 11
88.1338
 21
2.56863
  0
LINE
  8
0
 10
88.1338
 20
2.56863
 11
88.2988
 21
2.68074
  0
LINE
  8
0
 10
88.2988
 20
2.68074
 11
88.4704
 21
2.78227
  0
LINE
  8
0
 10
88.4704
 20
2.78227
 11
88.6481
 21
2.87283
  0
LINE
  8
0
 10
88.6481
 20
2.87283
 11
88.8312
 21
2.95204
  0
LINE
  8
0
 10
88.8312
 20
2.95204
 11
89.0189
 21
3.0196
  0
LINE
  8
0
 10
89.0189
 20
3.0196
 11
89.2104
 21
3.07525
  0
LINE
  8
0
 10
89.2104
 20
3.07525
 11
89.4051
 21
3.11876
  0
LINE
  8
0
 10
89.4051
 20
3.11876
 11
89.6021
 21
3.14996
  0
LINE
  8
0
 10
89.6021
 20
3.14996
 11
89.8006
 21
3.16873
  0
LINE
  8
0
 10
89.8006
 20
3.16873
 11
90
 21
3.175
  0
LINE
  8
0
 10
90
 20
3.175
 11
90.1994
 21
3.16873
  0
LINE
  8
0
 10
90.1994
 20
3.16873
 11
90.3979
 21
3.14996
  0
LINE
  8
0
 10
90.3979
 20
3.14996
 11
90.5949
 21
3.11876
  0
LINE
  8
0
 10
90.5949
 20
3.11876
 11
90.7896
 21
3.07525
  0
LINE
  8
0
 10
90.7896
 20
3.07525
 11
90.9811
 21
3.0196
  0
LINE
  8
0
 10
90.9811
 20
3.0196
 11
91.1688
 21
2.95204
  0
LINE
  8
0
 10
91.1688
 20
2.95204
 11
91.3519
 21
2.87283
  0
LINE
  8
0
 10
91.3519
 20
2.87283
 11
91.5296
 21
2.78227
  0
LINE
  8
0
 10
91.5296
 20
2.78227
 11
91.7012
 21
2.68074
  0
LINE
  8
0
 10
91.7012
 20
2.68074
 11
91.8662
 21
2.56863
  0
LINE
  8
0
 10
91.8662
 20
2.56863
 11
92.0238
 21
2.44638
  0
LINE
  8
0
 10
92.0238
 20
2.44638
 11
92.1734
 21
2.31448
  0
LINE
  8
0
 10
92.1734
 20
2.31448
 11
92.3145
 21
2.17344
  0
LINE
  8
0
 10
92.3145
 20
2.17344
 11
92.4464
 21
2.02382
  0
LINE
  8
0
 10
92.4464
 20
2.02382
 11
92.5686
 21
1.86622
  0
LINE
  8
0
 10
92.5686
 20
1.86622
 11
92.6807
 21
1.70125
  0
LINE
  8
0
 10
92.6807
 20
1.70125
 11
92.7823
 21
1.52957
  0
LINE
  8
0
 10
92.7823
 20
1.52957
 11
92.8728
 21
1.35185
  0
LINE
  8
0
 10
92.8728
 20
1.35185
 11
92.952
 21
1.16879
  0
LINE
  8
0
 10
92.952
 20
1.16879
 11
93.0196
 21
0.981129
  0
LINE
  8
0
 10
93.0196
 20
0.981129
 11
93.0752
 21
0.78959
  0
LINE
  8
0
 10
93.0752
 20
0.78959
 11
93.1188
 21
0.594934
  0
LINE
  8
0
 10
93.1188
 20
0.594934
 11
93.15
 21
0.397932
  0
LINE
  8
0
 10
93.15
 20
0.397932
 11
93.1687
 21
0.19936
  0
LINE
  8
0
 10
93.1687
 20
0.19936
 11
93.175
 21
0
  0
LINE
  8
0
 10
93.175
 20
0
 11
93.1687
 21
-0.19936
  0
LINE
  8
0
 10
93.1687
 20
-0.19936
 11
93.15
 21
-0.397932
  0
LINE
  8
0
 10
93.15
 20
-0.397932
 11
93.1188
 21
-0.594934
  0
LINE
  8
0
 10
93.1188
 20
-0.594934
 11
93.0752
 21
-0.78959
  0
LINE
  8
0
 10
93.0752
 20
-0.78959
 11
93.0196
 21
-0.981129
  0
LINE
  8
0
 10
93.0196
 20
-0.981129
 11
92.952
 21
-1.16879
  0
LINE
  8
0
 10
92.952
 20
-1.16879
 11
92.8728
 21
-1.35185
  0
LINE
  8
0
 10
92.8728
 20
-1.35185
 11
92.7823
 21
-1.52957
  0
LINE
  8
0
 10
92.7823
 20
-1.52957
 11
92.6807
 21
-1.70125
  0
LINE
  8
0
 10
92.6807
 20
-1.70125
 11
92.5686
 21
-1.86622
  0
LINE
  8
0
 10
92.5686
 20
-1.86622
 11
92.4464
 21
-2.02382
  0
LINE
  8
0
 10
92.4464
 20
-2.02382
 11
92.3145
 21
-2.17344
  0
LINE
  8
0
 10
92.3145
 20
-2.17344
 11
92.1734
 21
-2.31448
  0
LINE
  8
0
 10
92.1734
 20
-2.31448
 11
92.0238
 21
-2.44638
  0
LINE
  8
0
 10
92.0238
 20
-2.44638
 11
91.8662
 21
-2.56863
  0
LINE
  8
0
 10
91.8662
 20
-2.56863
 11
91.7012
 21
-2.68074
  0
LINE
  8
0
 10
91.7012
 20
-2.68074
 11
91.5296
 21
-2.78227
  0
LINE
  8
0
 10
91.5296
 20
-2.78227
 11
91.3519
 21
-2.87283
  0
LINE
  8
0
 10
91.3519
 20
-2.87283
 11
91.1688
 21
-2.95204
  0
LINE
  8
0
 10
91.1688
 20
-2.95204
 11
90.9811
 21
-3.0196
  0
LINE
  8
0
 10
90.9811
 20
-3.0196
 11
90.7896
 21
-3.07525
  0
LINE
  8
0
 10
90.7896
 20
-3.07525
 11
90.5949
 21
-3.11876
  0
LINE
  8
0
 10
90.5949
 20
-3.11876
 11
90.3979
 21
-3.14996
  0
LINE
  8
0
 10
90.3979
 20
-3.14996
 11
90.1994
 21
-3.16873
  0
LINE
  8
0
 10
90.1994
 20
-3.16873
 11
90
 21
-3.175
  0
LINE
  8
0
 10
90
 20
-3.175
 11
89.8006
 21
-3.16873
  0
LINE
  8
0
 10
89.8006
 20
-3.16873
 11
89.6021
 21
-3.14996
  0
LINE
  8
0
 10
89.6021
 20
-3.14996
 11
89.4051
 21
-3.11876
  0
LINE
  8
0
 10
89.4051
 20
-3.11876
 11
89.2104
 21
-3.07525
  0
LINE
  8
0
 10
89.2104
 20
-3.07525
 11
89.0189
 21
-3.0196
  0
LINE
  8
0
 10
89.0189
 20
-3.0196
 11
88.8312
 21
-2.95204
  0
LINE
  8
0
 10
88.8312
 20
-2.95204
 11
88.6481
 21
-2.87283
  0
LINE
  8
0
 10
88.6481
 20
-2.87283
 11
88.4704
 21
-2.78227
  0
LINE
  8
0
 10
88.4704
 20
-2.78227
 11
88.2988
 21
-2.68074
  0
LINE
  8
0
 10
88.2988
 20
-2.68074
 11
88.1338
 21
-2.56863
  0
LINE
  8
0
 10
88.1338
 20
-2.56863
 11
87.9762
 21
-2.44638
  0
LINE
  8
0
 10
87.9762
 20
-2.44638
 11
87.8266
 21
-2.31448
  0
LINE
  8
0
 10
87.8266
 20
-2.31448
 11
87.6855
 21
-2.17344
  0
LINE
  8
0
 10
87.6855
 20
-2.17344
 11
87.5536
 21
-2.02382
  0
LINE
  8
0
 10
87.5536
 20
-2.02382
 11
87.4314
 21
-1.86622
  0
LINE
  8
0
 10
87.4314
 20
-1.86622
 11
87.3193
 21
-1.70125
  0
LINE
  8
0
 10
87.3193
 20
-1.70125
 11
87.2177
 21
-1.52957
  0
LINE
  8
0
 10
87.2177
 20
-1.52957
 11
87.1272
 21
-1.35185
  0
LINE
  8
0
 10
87.1272
 20
-1.35185
 11
87.048
 21
-1.16879
  0
LINE
  8
0
 10
87.048
 20
-1.16879
 11
86.9804
 21
-0.981129
  0
LINE
  8
0
 10
86.9804
 20
-0.981129
 11
86.9248
 21
-0.78959
  0
LINE
  8
0
 10
86.9248
 20
-0.78959
 11
86.8812
 21
-0.594934
  0
LINE
  8
0
 10
86.8812
 20
-0.594934
 11
86.85
 21
-0.397932
  0
LINE
  8
0
 10
86.85
 20
-0.397932
 11
86.8313
 21
-0.19936
  0
LINE
  8
0
 10
86.8313
 20
-0.19936
 11
86.825
 21
0
  0
ENDSEC
  0
SECTION
  2
OBJECTS
  0
DICTIONARY
  0
ENDSEC
  0
EOF
